Time		Alpha			Beta		Thrust_mag		
0		0.72806647		-1.66803159	0.0001		
419122.31	3.02547857		1.11046856	9.98E-05		
838244.62	3.75130343		1.560522328	9.97E-05		
1257366.93	3.457697811		0.961025283	9.95E-05		
1676489.24	2.597849309		0.05582305	9.94E-05		
2095611.55	1.517477624		-0.763722976	9.92E-05		
2514733.86	0.459768167		-1.328627337	9.91E-05		
2933856.17	-0.421941841		-1.601723953	9.89E-05		
3352978.48	-1.047766703		-1.616500213	9.88E-05		
3772100.79	-1.393936937		-1.437397911	9.86E-05		
4191223.1	-1.47632774		-1.135468904	9.85E-05		
4610345.41	-1.335927494		-0.774729647	9.83E-05		
5029467.72	-1.02679151		-0.405719895	9.82E-05		
5448590.03	-0.606650029		-0.063688075	9.80E-05		
5867712.34	-0.130084376		0.230457016	9.79E-05		
6286834.65	0.355976578		0.467734694	9.77E-05		
6705956.96	0.81477865		0.648105714	9.76E-05		
7125079.27	1.220661529		0.777479281	9.74E-05		
7544201.58	1.558755225		0.865050975	9.73E-05		
7963323.89	1.82381101		0.921143412	9.71E-05		
8382446.2	2.018484931		0.955607395	9.70E-05		
8801568.51	2.151344092		0.976766571	9.68E-05		
9220690.82	2.234814397		0.99084321	9.67E-05		
9639813.13	2.28323749		1.001779001	9.66E-05		
10058935.44	2.311156683		1.01135629	9.64E-05		
10478057.75	2.331908691		1.019527209	9.63E-05		
10897180.06	2.356560975		1.024866808	9.61E-05		
11316302.37	2.393203813		1.025078813	9.60E-05		
11735424.68	2.446582082		1.017496858	9.58E-05		
12154546.99	2.518033645		0.999538445	9.57E-05		
12573669.3	2.60568891		0.969082542	9.55E-05		
12992791.61	2.704878713		0.924753864	9.54E-05		
13411913.92	2.808694634		0.866107202	9.52E-05		
13831036.23	2.908646309		0.793713505	9.51E-05		
14250158.54	2.99536358		0.709155758	9.49E-05		
14669280.85	3.059296678		0.614947195	9.48E-05		
15088403.16	3.091374464		0.514387168	9.47E-05		
15507525.47	3.083588429		0.411371344	9.45E-05		
15926647.78	3.029478212		0.310173052	9.44E-05		
16345770.09	2.924502394		0.215211752	9.42E-05		
16764892.4	2.766285916		0.130823105	9.41E-05		
17184014.71	2.554742435		0.061043062	9.39E-05		
17603137.02	2.292075993		0.009416064	9.38E-05		
18022259.33	1.982671502		-0.021164991	9.36E-05		
18441381.64	1.632887588		-0.028581849	9.35E-05		
18860503.95	1.250768367		-0.011574201	9.34E-05		
19279626.26	0.84569262		0.030217533	9.32E-05		
19698748.57	0.427979871		0.096248799	9.31E-05		
20117870.88	0.008472901		0.185104177	9.29E-05		
20536993.19	-0.401884442		0.294563372	9.28E-05		
20956115.5	-0.792456674		0.421695041	9.27E-05		
21375237.81	-1.153297782		0.562972979	9.25E-05		
21794360.12	-1.475490748		0.714408817	9.24E-05		
22213482.43	-1.751434861		0.871695347	9.22E-05		
22632604.74	-1.975072899		1.030354729	9.21E-05		
23051727.05	-2.142053098		1.185886179	9.20E-05		
23470849.36	-2.249823543		1.333908207	9.18E-05		
23889971.67	-2.297659232		1.470291126	9.17E-05		
24309093.98	-2.286624419		1.591276178	9.15E-05		
24728216.29	-2.219474964		1.693578377	9.14E-05		
25147338.6	-2.10050719		1.77447092	9.13E-05		
25566460.91	-1.935361161		1.83184971	9.11E-05		
25985583.22	-1.73078738		1.864277271	9.10E-05		
26404705.53	-1.494386553		1.871005957	9.08E-05		
26823827.84	-1.234332442		1.851980962	9.07E-05		
27242950.15	-0.959087746		1.807824141	9.06E-05		
27662072.46	-0.677122683		1.739800098	9.04E-05		
28081194.77	-0.396645254		1.649766356	9.03E-05		
28500317.08	-0.125351373		1.540109693	9.01E-05		
28919439.39	0.129798079		1.413670954	9.00E-05		
29338561.7	0.362767378		1.273660746	8.99E-05		
29757684.01	0.568598732		1.123568505	8.97E-05		
30176806.32	0.743524537		0.967067434	8.96E-05		
30595928.63	0.885037354		0.807917719	8.95E-05		
31015050.94	0.99191724		0.64987038	8.93E-05		
31434173.25	1.064217346		0.496573927	8.92E-05		
31853295.56	1.103209949		0.35148586	8.91E-05		
32272417.87	1.111296142		0.217790816	8.89E-05		
32691540.18	1.09188338		0.098326993	8.88E-05		
33110662.49	1.049235805		-0.0044778	8.86E-05		
33529784.8	0.988302923		-0.088659315	8.85E-05		
33948907.11	0.91453256		-0.152758375	8.84E-05		
34368029.42	0.833674268		-0.19585009	8.82E-05		
34787151.73	0.751579374		-0.217560375	8.81E-05		
35206274.04	0.674003725		-0.218069623	8.80E-05		
35625396.35	0.606418865		-0.19810363	8.78E-05		
36044518.66	0.553836934		-0.158912076	8.77E-05		
36463640.97	0.52065399		-0.102235121	8.76E-05		
36882763.28	0.510515747		-0.030258848	8.74E-05		
37301885.59	0.526208997		0.054439469	8.73E-05		
37721007.9	0.569581082		0.148955161	8.72E-05		
38140130.21	0.641488974		0.250127694	8.70E-05		
38559252.52	0.741778613		0.354618474	8.69E-05		
38978374.83	0.869294304		0.458993343	8.68E-05		
39397497.14	1.021917127		0.559808046	8.66E-05		
39816619.45	1.196630591		0.653694884	8.65E-05		
40235741.76	1.389611002		0.73744869	8.64E-05		
40654864.07	1.59633948		0.808110258	8.62E-05		
41073986.38	1.811732002		0.863045337	8.61E-05		
41493108.69	2.030283513		0.900017343	8.60E-05		
41912231	2.24622181		0.917252028	8.58E-05		
42331353.31	2.453666841		0.913492443	8.57E-05		
42750475.62	2.646790949		0.88804268	8.56E-05		
43169597.93	2.819975752		0.84079908	8.55E-05		
43588720.24	2.967961498		0.7722678	8.53E-05		
44007842.55	3.08598509		0.683567911	8.52E-05		
44426964.86	3.169903338		0.576419478	8.51E-05		
44846087.17	3.216298479		0.453116402	8.49E-05		
45265209.48	3.222563575		0.316484154	8.48E-05		
45684331.79	3.186965941		0.169822878	8.47E-05		
46103454.1	3.108687423		0.016836739	8.45E-05		
46522576.41	2.987840948		-0.138449268	8.44E-05		
46941698.72	2.825463412		-0.291783417	8.43E-05		
47360821.03	2.6234856		-0.438790333	8.42E-05		
47779943.34	2.384680382		-0.575080756	8.40E-05		
48199065.65	2.112590982		-0.696365426	8.39E-05		
48618187.96	1.811441587		-0.7985703	8.38E-05		
49037310.27	1.486032944		-0.877950098	8.37E-05		
49456432.58	1.141625935		-0.931197086	8.35E-05		
49875554.89	0.783816331		-0.955541977	8.34E-05		
50294677.2	0.418404077		-0.948843836	8.33E-05		
50713799.51	0.051260513		-0.909666044	8.31E-05		
51132921.82	-0.311803102		-0.837335594	8.30E-05		
51552044.13	-0.665162537		-0.731983288	8.29E-05		
51971166.44	-1.003499973		-0.594562823	8.28E-05		
52390288.75	-1.321913071		-0.426847266	8.26E-05		
52809411.06	-1.616011328		-0.231401946	8.25E-05		
53228533.37	-1.881997696		-0.011533467	8.24E-05		
53647655.68	-2.116733921		0.228784775	8.23E-05		
54066777.99	-2.317788452		0.485009439	8.21E-05		
54485900.3	-2.483466332		0.752144595	8.20E-05		
54905022.61	-2.612820885		1.02487694	8.19E-05		
55324144.92	-2.705647527		1.297725524	8.18E-05		
55743267.23	-2.762460447		1.565201951	8.16E-05		
56162389.54	-2.784453312		1.821976412	8.15E-05		
56581511.85	-2.773445514		2.063044408	8.14E-05		
57000634.16	-2.731815765		2.283888651	8.13E-05		
57419756.47	-2.662425105		2.480630411	8.11E-05		
57838878.78	-2.568531552		2.650164526	8.10E-05		
58258001.09	-2.453698754		2.790272451	8.09E-05		
58677123.4	-2.321701013		2.899708065	8.08E-05		
59096245.71	-2.17642709		2.978251541	8.06E-05		
59515368.02	-2.021785052		3.026727378	8.05E-05		
59934490.33	-1.861610367		3.046983695	8.04E-05		
60353612.64	-1.69957921		3.041831112	8.03E-05		
60772734.95	-1.539128794		3.014940934	8.02E-05		
61191857.26	-1.383386251		2.970703902	8.00E-05		
61610979.57	-1.235107374		2.914052436	7.99E-05		
62030101.88	-1.096626244		2.850251017	7.98E-05		
62449224.19	-0.969816536		2.784661072	7.97E-05		
62868346.5	-0.856065012		2.7224884	7.95E-05		
63287468.81	-0.756257519		2.668522689	7.94E-05		
63706591.12	-0.670777555		2.626879969	7.93E-05		
64125713.43	-0.599517317		2.600759884	7.92E-05		
64544835.74	-0.541900923		2.59223023	7.91E-05		
64963958.05	-0.496919388		2.602051407	7.89E-05		
65383080.36	-0.463176753		2.629553	7.88E-05		
65802202.67	-0.438946632		2.67257371	7.87E-05		
66221324.98	-0.422238268		2.727474218	7.86E-05		
66640447.29	-0.410871034		2.789230155	7.85E-05		
67059569.6	-0.402556064		2.851609358	7.83E-05		
67478691.91	-0.39498346		2.907433834	7.82E-05		
67897814.22	-0.385913214		2.94892253	7.81E-05		
68316936.53	-0.373267596		2.968106187	7.80E-05		
68736058.84	-0.355222365		2.957300345	7.79E-05		
69155181.15	-0.330293682		2.909617242	7.77E-05		
69574303.46	-0.297417139		2.819492096	7.76E-05		
69993425.77	-0.256014854		2.683194428	7.75E-05		
70412548.08	-0.206046163		2.499291	7.74E-05		
70831670.39	-0.148037175		2.269024079	7.73E-05		
71250792.7	-0.083084353		1.996567422	7.72E-05		
71669915.01	-0.012827472		1.689123205	7.70E-05		
72089037.32	0.060612111		1.356826518	7.69E-05		
72508159.63	0.134730903		1.012430415	7.68E-05		
72927281.94	0.206781801		0.670754364	7.67E-05		
73346404.25	0.273950737		0.347892492	7.66E-05		
73765526.56	0.333567385		0.060195442	7.64E-05		
74184648.87	0.383341974		-0.176939142	7.63E-05		
74603771.18	0.421615601		-0.350407871	7.62E-05		
75022893.49	0.447606107		-0.450787867	7.61E-05		
75442015.8	0.461625915		-0.473652902	7.60E-05		
75861138.11	0.465242494		-0.420676909	7.59E-05		
76280260.42	0.461347165		-0.30035874	7.58E-05		
76699382.73	0.454094571		-0.128186364	7.56E-05		
77118505.04	0.448674744		0.073943652	7.55E-05		
77537627.35	0.450884129		0.279217599	7.54E-05		
77956749.66	0.466473484		0.458425893	7.53E-05		
78375871.97	0.500272566		0.583545019	7.52E-05		
78794994.28	0.55512787		0.632268079	7.51E-05		
79214116.59	0.630745566		0.593156574	7.49E-05		
79633238.9	0.722613707		0.470776969	7.48E-05		
80052361.21	0.821293651		0.289756766	7.47E-05		
80471483.52	0.91253042		0.096114995	7.46E-05		
80890605.83	0.978847437		-0.046546297	7.45E-05		
81309728.14	1.00357742		-0.069404312	7.44E-05		
81728850.45	0.978655819		0.075966498	7.43E-05		
82147972.76	0.917987387		0.372383423	7.42E-05		
82567095.07	0.878815453		0.663857807	7.40E-05		
82986217.38	0.994307486		0.54345415	7.39E-05		
83405339.69	1.521555046		-0.811919099	7.38E-05		
